#log10 sigma=np.arange(2.0,2.441,0.02)
6.53821 6.93523 6.74352 6.19609
6.62738 7.01596 6.82425 6.29118
6.71845 7.08891 6.90757 6.38625
6.81730 7.17482 6.98828 6.47806
6.93430 7.26073 7.07161 6.57640
7.04869 7.34143 7.14973 6.67153
7.19160 7.44290 7.23824 6.75024
7.34229 7.53140 7.32156 6.83223
7.48260 7.63285 7.40746 6.91751
7.61513 7.72912 7.49855 6.99953
7.75544 7.82799 7.58964 7.09483
7.89058 7.92166 7.68332 7.18073
8.01017 8.01534 7.77700 7.26405
8.11938 8.09864 7.87327 7.35772
8.22083 8.18974 7.96695 7.44621
8.32491 8.27308 8.05544 7.53991
8.40301 8.35379 8.14395 7.63357
8.49669 8.42934 8.23244 7.72207
8.56705 8.49451 8.31835 7.82093
8.63742 8.56489 8.39648 7.91720
8.70778 8.63786 8.47202 8.01347
8.76777 8.69523 8.54497 8.10456
8.81741 8.75524 8.61016 8.19825
