#z=np.arange(0,4.01,0.2)
1.62909 1.81111 1.99309 2.14966 2.28221
1.63347 1.79594 1.97984 2.14221 2.28740
1.63997 1.79438 1.97328 2.14234 2.29596
1.65285 1.79452 1.97341 2.14884 2.31042
1.66784 1.80308 1.97755 2.15747 2.32572
1.68285 1.81163 1.98572 2.16716 2.34102
1.69712 1.82526 1.99789 2.18015 2.36054
1.71242 1.83744 2.00872 2.19629 2.37754
1.73110 1.84962 2.01956 2.21329 2.39622
1.75146 1.86447 2.03842 2.23112 2.41489
1.76508 1.88200 2.05194 2.24980 2.43272
1.78039 1.89952 2.06946 2.26847 2.45308
1.79737 1.91437 2.08833 2.28630 2.47261
1.81268 1.93056 2.10720 2.30920 2.49465
1.82967 1.94809 2.12606 2.32787 2.51501
1.84666 1.96562 2.14358 2.34907 2.52863
1.86028 1.98180 2.16379 2.36944 2.55152
1.87895 1.99933 2.18132 2.39149 2.57020
1.89594 2.01685 2.20152 2.41016 2.59309
1.90956 2.03305 2.21904 2.42968 2.60502
1.92655 2.04789 2.23791 2.44835 2.61443
