-3.49779 -0.7037 -2.2399 -0.4349
-3.20629 -1.1271 -1.6736 -0.8939
-2.90239 -0.6020 -1.2515 -0.3627
-2.59848 -1.6234 -2.2008 -1.3945
-2.30698 -1.6138 -2.2531 -1.3624
-2.00308 -2.0372 -2.8105 -1.7805
-1.69917 -2.0380 -2.8216 -1.7648
-1.40767 -2.7191 -3.1832 -2.502
-1.10376 -2.4002 -3.4107 -2.1345
-0.79986 -2.6277 -2.9886 -2.4625
-0.50216 -2.7315 -3.1130 -2.5369
-0.19825 -2.8354 -2.9222 -2.7421
0.09945 -3.06290 -3.1847 -2.9801
0.39715 -3.28010 -3.3818 -3.1936
0.70106 -3.53860 -3.6280 -3.4562
0.99876 -3.92070 -4.0133 -3.8497
1.29646 -4.52970 -4.6196 -4.4314
1.60657 -5.27280 -5.3404 -5.185
1.91048 -6.54170 -6.9533 -6.3396
2.20198 -8.50130 -10.536 -7.4286
