8.876200000000000756e+00 8.504444127861843228e-02 1.404004000369839522e-01
9.122400000000000730e+00 8.609721665124481227e-02 1.443731540281405212e-01
9.375600000000000378e+00 1.050474702347129474e-01 1.322448250938414727e-01
9.632400000000000517e+00 1.624707178731173984e-01 1.248281975245591202e-01
9.878600000000000492e+00 2.329918123064895763e-01 1.291174621112224363e-01
1.012480000000000047e+01 2.790585428355770725e-01 1.179185652519263577e-01
1.037809999999999988e+01 3.328860842033521950e-01 1.360677242956717381e-01
1.062420000000000009e+01 4.437116050116266530e-01 1.207214646238119055e-01
1.087379999999999924e+01 4.753133672223831541e-01 1.246486936551108177e-01
1.111950000000000038e+01 6.001473303192667030e-01 1.167060899429231552e-01
1.136849999999999916e+01 6.497323730861866986e-01 1.352187157933505135e-01
