9.153999999999999915e+00 -3.459849147839255679e-03 1.580925754367395464e-01
9.365500000000000824e+00 -1.843765724025780983e-03 1.340720390571557008e-01
9.618499999999999162e+00 1.440157684340437338e-02 1.451604468092554112e-01
9.864499999999999602e+00 9.396176329396044302e-03 1.428548946379471496e-01
1.011749999999999972e+01 2.298777032584575775e-02 1.701369107975570782e-01
1.037049999999999983e+01 6.932081683734681032e-02 1.923458334336454190e-01
1.061309999999999931e+01 1.819120420542531535e-01 2.028757356641518184e-01
1.087340000000000018e+01 2.450816187297180093e-01 2.221282394998739806e-01
1.111609999999999943e+01 2.269635003988661470e-01 2.957444281003900888e-01
1.137330000000000041e+01 2.310466381543371250e-01 3.926851710088456460e-01
1.161289999999999978e+01 9.168055107231509737e-03 8.174988766437576437e-01
1.187829999999999941e+01 4.837025263024119504e-01 9.215044119297002290e-01
