8.880900000000000460e+00 3.461621488350929976e-02 1.375414095228309763e-01
9.106799999999999784e+00 3.038349395053596691e-02 1.463442677613479292e-01
9.357400000000000162e+00 2.568362869954810002e-02 1.555215560287628029e-01
9.615000000000000213e+00 5.528676427286338679e-02 1.237933421969022868e-01
9.865600000000000591e+00 4.324663138175799393e-02 1.340664121387912244e-01
1.011969999999999992e+01 1.324390413022942248e-01 1.259709266871075206e-01
1.037020000000000053e+01 2.292740175844809603e-01 1.176144011067774553e-01
1.061369999999999969e+01 2.772301963978297534e-01 1.247284166290631574e-01
1.087139999999999951e+01 3.057753982858809616e-01 1.185043631934264985e-01
1.111139999999999972e+01 2.778955855179544576e-01 1.675413117911316863e-01
1.137250000000000050e+01 3.276428927656812595e-01 2.063791789567101798e-01
1.161960000000000015e+01 2.415970738044685984e-01 3.348680006213483606e-01
1.187720000000000020e+01 -3.418920443319217739e-02 1.906033458041626272e+00
