8.857400000000000162e+00 7.338356250625543975e-02 1.127788135987225215e-01
9.114000000000000767e+00 9.801357792625475795e-02 1.308136886425681211e-01
9.370499999999999829e+00 1.069001837764826934e-01 1.388083420077859953e-01
9.613200000000000855e+00 1.163098788585434917e-01 1.213909136718855780e-01
9.867000000000000881e+00 1.399969331111443616e-01 1.338697746247818343e-01
1.011810000000000009e+01 2.747295219087528828e-01 1.014439787059659842e-01
1.036640000000000050e+01 3.621772583607619778e-01 1.094970012450077607e-01
1.060619999999999941e+01 4.145362636794227562e-01 1.099684968907913701e-01
1.086580000000000013e+01 4.725272843383155896e-01 1.346627202679981650e-01
1.110880000000000045e+01 4.886714996980351389e-01 1.218477899205868270e-01
1.136890000000000001e+01 6.166459992409558666e-01 1.032522067513413355e-01
1.161270000000000024e+01 7.414169819578947385e-01 1.157667970095116045e-01
1.186960000000000015e+01 6.110444256482587821e-01 4.471722367949078070e-01
