#1st row: log10 BHAR/SFR
#2nd row: p(BHAR/SFR) star forming
-5.3972 -1.5539
-4.5505 -1.392
-4.2965 -1.3448
-4.1645 -1.2031
-3.9287 -0.9738
-3.7871 -0.7917
-3.6457 -0.6568
-3.5326 -0.5691
-3.401 -0.5691
-3.2507 -0.6298
-3.0631 -0.785
-2.8756 -0.9671
-2.688 -1.102
-2.4625 -1.1762
-2.2278 -1.2773
-1.9839 -1.4864
-1.7774 -1.5809
-1.6083 -1.6348
-1.468 -1.8911
-1.3186 -2.2284
-1.2064 -2.4307
-1.0665 -2.8084
-0.8891 -3.2333
-0.7585 -3.584
-0.6182 -3.8403
-0.5152 -3.9752
-0.3178 -3.982
-0.1671 -3.9213
0.2089 -3.9348
0.4161 -3.8336
0.5477 -3.8201
0.7358 -3.8269
0.8859 -3.9348
1.0453 -4.0764
1.2047 -4.2248
1.4771 -4.3192
