#1st row: log10 BHAR/SFR
#2nd row: p(BHAR/SFR) star forming
-5.2614 -1.3068
-4.5273 -0.5619
-4.2788 -0.3758
-4.1132 -0.2744
-3.9713 -0.1645
-3.7584 -0.0632
-3.5693 -0.0043
-3.2858 0.0034
-3.0498 -0.0652
-2.7309 -0.0916
-2.4476 -0.1603
-2.1645 -0.2969
-1.9759 -0.4842
-1.7758 -0.7734
-1.5994 -1.0965
-1.4586 -1.4619
-1.3175 -1.7509
-1.1765 -2.0485
-1.0472 -2.3035
-0.8825 -2.6096
-0.6706 -2.8988
-0.4705 -3.1795
-0.2231 -3.4264
0.06 -3.6139
0.3667 -3.7676
0.579 -3.887
0.9212 -4.0323
1.2279 -4.1775
1.5106 -4.5009
