#1st row: log10 BHAR/SFR
#2nd row: p(BHAR/SFR) star forming
-5.2947 -1.8709
-4.5425 -1.8709
-4.1193 -1.8304
-3.837 -1.7427
-3.592 -1.5809
-3.4129 -1.4055
-3.2149 -1.2166
-3.0451 -1.0548
-2.9037 -0.9401
-2.772 -0.9064
-2.6121 -0.8794
-2.4429 -0.8996
-2.3397 -0.9806
-2.2554 -1.075
-2.1243 -1.2639
-1.9653 -1.5404
-1.8065 -1.8911
-1.6382 -2.2014
-1.5353 -2.397
-1.3669 -2.6533
-1.1327 -2.9635
-0.8797 -3.2266
-0.5699 -3.4154
-0.2789 -3.5638
0.0308 -3.7392
0.2656 -3.8538
0.538 -3.9213
0.8106 -3.9685
1.0828 -4.0966
1.4578 -4.4676
