#1st row: log10 BHAR/SFR
#2nd row: p(BHAR/SFR) star forming
-5.1203 -1.5789
-4.5401 -0.9948
-4.2206 -0.741
-4.0666 -0.5377
-3.9125 -0.309
-3.8059 -0.165
-3.6875 -0.0464
-3.4863 0.1313
-3.3799 0.1904
-3.25 0.173
-3.0848 0.1131
-2.9197 0.0023
-2.7665 -0.1679
-2.625 -0.2362
-2.3064 -0.356
-2.0705 -0.5264
-1.9177 -0.8239
-1.7648 -1.1045
-1.6473 -1.3765
-1.4829 -1.759
-1.3538 -2.0904
-1.1893 -2.4644
-1.0245 -2.7025
-0.7656 -3.0853
-0.5181 -3.3491
-0.2352 -3.5706
0.095 -3.7668
0.4136 -3.8951
0.7087 -3.9978
1.0745 -4.1346
1.3104 -4.2626
1.5106 -4.5179
